a281af79a91347283db8cfd27a164674 1 694 224 72 72 1
adf10144269fb3fd3ea0bfda12b17343 1 643 130 80 123 1
d39a5bb30fd884cde8f323a98ad00ab4 1 537 353 55 59 1
e9a12ae65b4597dc3a5922f0642736c2 1 564 188 79 68 1
9f93393eb541e2f0e448d27fe4355d01 1 664 280 75 87 1
fbbc704adb198d619caecc9d0cf73f2f 1 454 176 63 39 1
6e126b8833739e9179e5d0844af5db9c 1 805 502 73 46 1
045ab825fc2526338b1b4df5043ef703 1 597 245 73 42 1
da868979e4667985f1b72ec91ab7caa5 1 954 169 59 48 1
86f69a07cc87bee3f399670563eb1fb2 1 651 189 68 46 1
89a90d794a27f129aca48e4b370b8585 1 609 311 61 56 1
763f21792b16e81efff0313212547b88 1 586 346 68 44 1
208c2dcc119ab0c0e908f72c7cb2474c 1 715 155 131 111 1
8b202082a5488a63494f077c4c5d35e8 1 626 50 144 81 1
07c70b327198c080a2bf63fb910c429d 1 731 54 94 83 1
79120e305e1d5cca6f173a5cf5e18e16 1 722 60 120 98 1
e19c0560987124b84fb3113f31eb6036 1 899 765 88 100 1
816c261b4a6fe466387c70df38e06e2d 1 853 762 101 95 1
daf5898e377c9cfba3abb7fc3cf07cb9 1 819 618 31 30 1
b2ab86411e8ea77fece86c78f4a58d1d 1 839 609 31 43 1
2f1510d303ea6e668c5c80da29cdee2c 1 835 253 40 49 1
d937ef68496ff5bd177a18875fc6357f 1 830 257 47 40 1
a5d4951e034f280d843eccefaec59061 1 779 805 86 68 1
fef1bb63f1093c13ffddd64aa14e36ab 1 787 800 82 60 1
f93079c45e7bd2c681d3d14d788ad21c 1 767 123 111 85 1
b3827fe7936ef7965ddc135bdca656ce 1 790 175 112 87 1
0e57d770bfa2b4e96f4ab3ef76ca1055 1 715 81 128 103 1
56c26fe32d4d9a450f51b8cf3bc0ad3a 1 704 145 137 111 1
0771c2a74382efed90a213b85dfd2c43 1 685 907 149 51 1
84eeea895dfc29bf92f3d1195697d058 1 677 890 120 67 1
e680f76385f6b05e1bfcc88923c0a005 1 604 327 98 54 1
90f9f0fc010bcf34ae05c07f329c566b 1 625 330 84 54 1
90f9f0fc010bcf34ae05c07f329c566b 1 631 333 74 51 1
b0fd6ac4eebc213dba4bf6ff9e3666bd 1 588 754 95 87 1
490a7a8e78b49e21ced0282dc8f8e1d8 1 632 759 85 71 1
8e532cf6f83830a61c0e0835200bb881 1 580 54 104 64 1
e4e5edc8f9c03d860451bd9bf78a7370 1 538 68 96 68 1
8e532cf6f83830a61c0e0835200bb881 1 580 55 106 67 1
6532e07c976736060f41af74fc098c7d 1 689 549 61 34 1
21b35d4e7569d1b146e6d21c0b747bb1 1 682 502 67 40 1
ef1e02336712a2314c0253c7f6d6a07a 1 638 519 74 40 1
0e6bac8be0299aee9e34a3130b9cbeac 1 611 190 120 59 1
b2ed3cba4352e093966279a1fc319c6d 1 619 222 111 54 1
b7aeb7fd0c5c710ef333fd75ba775c47 1 642 820 69 53 1
988f13f7b9e0da8dac7aea93b4ec9b6b 1 668 873 62 51 1
13c264138f4888e0c2f312522c5aa950 1 641 395 67 44 1
80814a1dee6914385dcd695d21fbb244 1 643 358 83 48 1
1356f11be1cbc7425fd9bc712cfef6ba 1 642 338 85 50 1
4acb1b0c4ccb3225f09137b86d0165aa 1 430 737 51 45 1
b7df716799c6b9b1de8117080035aa17 1 600 908 154 50 1
c37dcb6f505b2302b7536cbf83c2da1a 1 4 248 121 114 1
1e2e4889ff50d0b097174cda38162059 1 4 264 182 142 1
b4f5d990a2aaa0a50f271953c8d80b90 1 1145 391 273 154 1
7f834f6ba0f9d1ff87ac302d0f445b7c 1 1148 407 263 144 1
afb7d482514911a01290c29a75d6541c 1 1244 409 191 89 1
165e8738731e335d8a52df3d3fc6e9cb 1 1133 368 205 90 1
d75235113e98435aa188ca4cc7169fc3 1 82 226 193 87 1
e40b51fd3c3785da4e07fa4ac786141f 1 127 281 179 92 1
c00bccfd8326c3f6e48b1d9eb739ebcb 1 499 620 65 61 1
fdb5f4042b90772cceb7f900b91b5755 1 526 654 65 50 1
0c18c4a4eda099b6480a8560c529576d 1 145 701 96 79 1
53f2b761f0a94a71183fb4909300eda3 1 159 670 92 61 1
77d90b41b851633bbfcea37ab2b7a2c7 1 704 201 166 80 1
c0c8e0ff4003bfd2b81df971c13deb42 1 675 150 144 83 1
79975b28ff01616eb59d34595f09cd91 1 1185 110 159 98 1
6e1c407dbe4fa1a1d11e07791083d535 1 1209 179 160 97 1
eb89b08cd3642dd5872393fec171e901 1 14 275 104 74 1
8233bb3ba92a8031415a68b41b042655 1 25 244 101 73 1
ae11c97ca0ffa00f54402fb608c34f6e 1 792 164 90 63 1
f2fd7548d779564d1978bf515f1a5925 1 780 201 94 68 1
ae11c97ca0ffa00f54402fb608c34f6e 1 791 166 86 58 1
f350039393def9adfa5d3063168f0c59 1 1372 306 65 57 1
f1ba739c43d78a2caeac13cbc4d4a383 1 175 825 63 97 1
bdd43ccd6b99efb6c7dab3636abec323 1 172 858 58 79 1
090afb64a4a4b0ed1bc9506c35107bca 1 167 823 64 85 1
1a74f4335799b5cacddee76ca189e7b8 1 287 718 65 83 1
993f830e36f78efd43d3b7612e43a890 1 282 732 57 84 1
204f8d7c0d84cc3dc934ea59295d0e2c 1 287 745 58 82 1
d49d836ecb88d1b1f23b4321463de7a0 1 472 842 59 79 1
eebb093341b7110fb19a6242e5b1b65c 1 473 821 61 81 1
0ac34666b42343b002d581f6641f115d 1 474 803 66 76 1
7ed0918314115bbbbaa8b7415f683493 1 586 710 57 81 1
78a77fcf5d63a466a6ac4ec18736fd91 1 584 708 72 80 1
a426f9fe827efd2ed00bab94a3eecbc1 1 587 714 74 96 1
988d796ae7fd9ecd79ceee750cfa5ef3 1 952 214 91 77 1
98027c643a5f3aae6e1eb59040e13143 1 963 193 86 71 1
24282f87e4c3ee3586095ea254076b0e 1 945 203 85 65 1
af35eb779111a3d4d940987f247be55c 1 1141 213 79 64 1
88e0d541cbb93ecdbc85ce71a5e46ef8 1 1138 213 79 70 1
6834fcb657342e61e3c10309ef225cef 1 1140 190 81 72 1
8f20106a97b55f7f5566cd8aa197e5dc 1 537 323 32 45 1
89e8c691d1dc9bb7b5c044c4f7151859 1 533 342 28 43 1
e31df58c6d4d6096fef85a0696d42c57 1 529 377 35 44 1
11cad42d1f71dbba4bcf2cde85eca294 1 611 389 39 43 1
11682755025215537f68d29f562d3f1b 1 619 357 31 44 1
d908a659cce449b1899d734a5c139f4d 1 611 353 35 44 1
d677519da6bc1880b3bd4504010a31b2 1 681 372 36 37 1
fedf600e3b4f99b0e507b001050cec8b 1 686 345 38 42 1
ccb2f5c2b231b416d7e0ce86eb231647 1 683 330 39 43 1
921b6803089ca15ecdb988b0b3ac7813 1 780 541 55 57 1
bdc408295bcbe1240e0037ea6538baa5 1 1007 796 143 77 1
016c48d3824a1b65e8b36da103b6d98d 1 1006 652 133 83 1
78debbd7387641f02e40e6b4a5770a7b 1 982 31 142 79 1
3fe99b936d3e9c2d158929c38e32447d 1 703 364 143 72 1
961d62886a48ddb781a2221a2cbb10b7 1 720 346 132 73 1
39660c7e176887463d989bc9e3bbb67d 1 704 369 138 71 1
0e53dc443e1f04bbb2d6c6f595f8d5ce 1 835 349 143 81 1
9d07ab3968d3046e49840eebc1e4201e 1 829 345 146 74 1
c5dfe8c779977c79118742d8de275bb9 1 817 370 151 76 1
0511e8651964d3f634f344b0922960b0 1 928 396 125 77 1
0659d7bd810cb9e6524dd1e053118f15 1 891 407 128 78 1
c0b249eb044a5c49f0383772a60e8ed3 1 872 387 130 79 1
e86243db8985f82caf1972477d89ca49 1 987 312 89 78 1
6c4361b2f6772638f4cd69c469c71db0 1 976 326 96 82 1
455241b002d1582f71cd89c1ef43e9a7 1 971 316 96 81 1
d672e2e7f309f1e18d54bb6cd99ddf9a 1 303 559 150 95 1
fef6aef916270b686368dc3fba9eec1b 1 371 621 153 105 1
6470ef45e6697ed0526e009098aebdac 1 449 533 129 95 1
ec854c724abf127ab741535828f6a2f2 1 640 615 132 85 1
7473f536a299c9a2daecf025317ce362 1 1067 519 46 41 1
